Dataset
Wildcard a
type PRIVATE
syncronization OFF
1 7 43.7 1 34 234 234 54336 2 1 435 21 12 34 24 234 45 345 2 53 
13 4 46 34 2 6 4 34 3 234 4 45 3 6 76 56 5 4 3 45 
1 7 43.7 1 34 234 234 54336 2 1 435 21 12 34 24 234 45 345 2 53 
13 4 46 34 2 6 4 34 3 234 4 45 3 6 76 56 5 4 3 45 
13 4 46 34 2 6 4 34 3 234 4 45 3 6 76 56 5 4 3 10
Dataset
Wildcard b
type PRIVATE
syncronization OFF
1 7 43.7 1 34 234 234 54336 2 1 435 21 12 34 24 234 45 345 2 53 
13 4 46 34 2 6 4 34 3 234 4 45 3 6 76 56 5 4 3 45 
1 7 43.7 1 34 234 234 54336 2 1 435 21 12 34 24 234 45 345 2 53 
13 4 46 34 2 6 4 34 3 234 4 45 3 6 76 56 5 4 3 45 
13 4 46 34 2 6 4 34 3 234 4 45 3 6 76 56 5 4 3 45
Dataset
Wildcard c
type PRIVATE
syncronization OFF
1 7 43.7 1 34 234 234 54336 2 1 435 21 12 34 24 234 45 345 2 53 
13 4 46 34 2 6 4 34 3 234 4 45 3 6 76 56 5 4 3 45 
1 7 43.7 1 34 234 234 54336 2 1 435 21 12 34 24 234 45 345 2 53 
13 4 46 34 2 6 4 34 3 234 4 45 3 6 76 56 5 4 3 45 
13 4 46 34 2 6 4 34 3 234 4 45 3 6 76 56 5 4 3 234